12									 
0.7500   0.3550  0.0407  0.0467    0.0       90.0  0.0  11       2              MCT  2
12									 
0.7500  -0.3550  0.0407  0.0467    0.0       90.0  0.0  11       2              MCB  3
4									 
0.8518   0.669  0.007  0.0232    0.0      120.0  0.0   4       3              PSHT1 4
4
0.8518  -0.669  0.007  0.0232    0.0       60.0  0.0   4       3              PSHB1 5
4	 
0.833   0.7016  0.007  0.0232    0.0      120.0  0.0   4       3              PSHT2 6 
4
0.833  -0.7016  0.007  0.0232    0.0       60.0  0.0   4       3              PSHB2 7
20			 
0.1930   0.7907  0.0566  0.1351    0.0       90.0  0.0  28       4              DIVT 8
20									 
0.1930  -0.7907  0.0566  0.1351    0.0       90.0  0.0  28       4              DIVB 9
12									 
1.3860   0.422  0.11  0.1156    0.0       90.0  0.0  16       5              BVLT 10
12									 
1.3860  -0.422  0.11  0.1156    0.0       90.0  0.0  16       5              BVLB 11	 
20									 
1.0470   1.0390  0.0552  0.1382    0.0       90.0  0.0  24       6              BVUT 12
20									 
1.0470  -1.0390  0.0552  0.1382    0.0       90.0  0.0  24       7              BVUB 13
64		 
0.1295   0.0000  0.0161  1.4711    0.0       90.0  0.0  190      8              CS   14
12									 
0.7510   0.3550  0.0407  0.0467    0.0       90.0  0.0  -11      9              MCVCT  15
12									 
0.7510  -0.3550  0.0407  0.0467    0.0       90.0  0.0  11       9              MCVCB  16