1 .155222855D0 .01203671025D0 .003235130000000003D0 .0240734205D0 690D-9 0 IVC     
1 .155222855D0 -.01203671025D0 .003235130000000003D0 .0240734205D0 690D-9 0 IVC     
1 .155222855D0 .03611013075D0 .003235130000000003D0 .0240734205D0 690D-9 0 IVC     
1 .155222855D0 -.03611013075D0 .003235130000000003D0 .0240734205D0 690D-9 0 IVC     
1 .155222855D0 .06018355125D0 .003235130000000003D0 .0240734205D0 690D-9 0 IVC     
1 .155222855D0 -.06018355125D0 .003235130000000003D0 .0240734205D0 690D-9 0 IVC     
1 .155222855D0 .08425697174999999D0 .003235130000000003D0 .0240734205D0 690D-9 0 IVC     
1 .155222855D0 -.08425697174999999D0 .003235130000000003D0 .0240734205D0 690D-9 0 IVC     
1 .155222855D0 .10833039225D0 .003235130000000003D0 .0240734205D0 690D-9 0 IVC     
1 .155222855D0 -.10833039225D0 .003235130000000003D0 .0240734205D0 690D-9 0 IVC     
1 .155222855D0 .13240381275D0 .003235130000000003D0 .0240734205D0 690D-9 0 IVC     
1 .155222855D0 -.13240381275D0 .003235130000000003D0 .0240734205D0 690D-9 0 IVC     
1 .155222855D0 .15647723325D0 .003235130000000003D0 .0240734205D0 690D-9 0 IVC     
1 .155222855D0 -.15647723325D0 .003235130000000003D0 .0240734205D0 690D-9 0 IVC     
1 .155222855D0 .18055065375D0 .003235130000000003D0 .0240734205D0 690D-9 0 IVC     
1 .155222855D0 -.18055065375D0 .003235130000000003D0 .0240734205D0 690D-9 0 IVC     
1 .155222855D0 .20462407425D0 .003235130000000003D0 .0240734205D0 690D-9 0 IVC     
1 .155222855D0 -.20462407425D0 .003235130000000003D0 .0240734205D0 690D-9 0 IVC     
1 .155222855D0 .22869749475D0 .003235130000000003D0 .0240734205D0 690D-9 0 IVC     
1 .155222855D0 -.22869749475D0 .003235130000000003D0 .0240734205D0 690D-9 0 IVC     
1 .155222855D0 .25277091525D0 .003235130000000003D0 .0240734205D0 690D-9 0 IVC     
1 .155222855D0 -.25277091525D0 .003235130000000003D0 .0240734205D0 690D-9 0 IVC     
1 .155222855D0 .27684433575D0 .003235130000000003D0 .0240734205D0 690D-9 0 IVC     
1 .155222855D0 -.27684433575D0 .003235130000000003D0 .0240734205D0 690D-9 0 IVC     
1 .155222855D0 .30091775625D0 .003235130000000003D0 .0240734205D0 690D-9 0 IVC     
1 .155222855D0 -.30091775625D0 .003235130000000003D0 .0240734205D0 690D-9 0 IVC     
1 .155222855D0 .32499117675D0 .003235130000000003D0 .0240734205D0 690D-9 0 IVC     
1 .155222855D0 -.32499117675D0 .003235130000000003D0 .0240734205D0 690D-9 0 IVC     
1 .155222855D0 .3490645972500001D0 .003235130000000003D0 .0240734205D0 690D-9 0 IVC     
1 .155222855D0 -.3490645972500001D0 .003235130000000003D0 .0240734205D0 690D-9 0 IVC     
1 .155222855D0 .37313801775D0 .003235130000000003D0 .0240734205D0 690D-9 0 IVC     
1 .155222855D0 -.37313801775D0 .003235130000000003D0 .0240734205D0 690D-9 0 IVC     
1 .155222855D0 .39721143825D0 .003235130000000003D0 .0240734205D0 690D-9 0 IVC     
1 .155222855D0 -.39721143825D0 .003235130000000003D0 .0240734205D0 690D-9 0 IVC     
1 .155222855D0 .42128485875D0 .003235130000000003D0 .0240734205D0 690D-9 0 IVC     
1 .155222855D0 -.42128485875D0 .003235130000000003D0 .0240734205D0 690D-9 0 IVC     
1 .155222855D0 .44535827925D0 .003235130000000003D0 .0240734205D0 690D-9 0 IVC     
1 .155222855D0 -.44535827925D0 .003235130000000003D0 .0240734205D0 690D-9 0 IVC     
1 .155222855D0 .46943169975D0 .003235130000000003D0 .0240734205D0 690D-9 0 IVC     
1 .155222855D0 -.46943169975D0 .003235130000000003D0 .0240734205D0 690D-9 0 IVC     
1 .1568841D0 .48520621D0 .006557619999999986D0 .007475599999999971D0 690D-9 0 IVC     
1 .1568841D0 -.48520621D0 .006557619999999986D0 .007475599999999971D0 690D-9 0 IVC     
1 .17308124D0 .5083252D0 .03895189999999998D0 .03876237999999999D0 690D-9 0 IVC     
1 .17308124D0 -.5083252D0 .03895189999999998D0 .03876237999999999D0 690D-9 0 IVC     
1 .17158027D0 .5414275175D0 .03594996D0 .02744225500000003D0 690D-9 0 IVC     
1 .17158027D0 -.5414275175D0 .03594996D0 .02744225500000003D0 690D-9 0 IVC     
1 .17158027D0 .5688697725D0 .03594996D0 .02744225500000003D0 690D-9 0 IVC     
1 .17158027D0 -.5688697725D0 .03594996D0 .02744225500000003D0 690D-9 0 IVC     
1 .20753023D0 .5414275175D0 .03594996D0 .02744225500000003D0 690D-9 0 IVC     
1 .20753023D0 -.5414275175D0 .03594996D0 .02744225500000003D0 690D-9 0 IVC     
1 .20753023D0 .5688697725D0 .03594996D0 .02744225500000003D0 690D-9 0 IVC     
1 .20753023D0 -.5688697725D0 .03594996D0 .02744225500000003D0 690D-9 0 IVC     
1 .2227595662107626D0 .590035644D0 .008347110724035295D0 .014889488D0 690D-9 0 IVC     
1 .2227595662107626D0 -.590035644D0 .008347110724035295D0 .014889488D0 690D-9 0 IVC     
1 .2272139879082525D0 .604925132D0 .008347110724035295D0 .014889488D0 690D-9 0 IVC     
1 .2272139879082525D0 -.604925132D0 .008347110724035295D0 .014889488D0 690D-9 0 IVC     
1 .2316684096057424D0 .61981462D0 .008347110724035295D0 .014889488D0 690D-9 0 IVC     
1 .2316684096057424D0 -.61981462D0 .008347110724035295D0 .014889488D0 690D-9 0 IVC     
1 .2361228313032323D0 .634704108D0 .008347110724035295D0 .014889488D0 690D-9 0 IVC     
1 .2361228313032323D0 -.634704108D0 .008347110724035295D0 .014889488D0 690D-9 0 IVC     
1 .2405772530007221D0 .649593596D0 .008347110724035295D0 .014889488D0 690D-9 0 IVC     
1 .2405772530007221D0 -.649593596D0 .008347110724035295D0 .014889488D0 690D-9 0 IVC     
1 .245031674698212D0 .664483084D0 .008347110724035295D0 .014889488D0 690D-9 0 IVC     
1 .245031674698212D0 -.664483084D0 .008347110724035295D0 .014889488D0 690D-9 0 IVC     
1 .2494860963957019D0 .679372572D0 .008347110724035295D0 .014889488D0 690D-9 0 IVC     
1 .2494860963957019D0 -.679372572D0 .008347110724035295D0 .014889488D0 690D-9 0 IVC     
1 .2539405180931918D0 .69426206D0 .008347110724035295D0 .014889488D0 690D-9 0 IVC     
1 .2539405180931918D0 -.69426206D0 .008347110724035295D0 .014889488D0 690D-9 0 IVC     
1 .2583949397906816D0 .7091515479999999D0 .008347110724035295D0 .014889488D0 690D-9 0 IVC     
1 .2583949397906816D0 -.7091515479999999D0 .008347110724035295D0 .014889488D0 690D-9 0 IVC     
1 .2628493614881716D0 .724041036D0 .008347110724035295D0 .014889488D0 690D-9 0 IVC     
1 .2628493614881716D0 -.724041036D0 .008347110724035295D0 .014889488D0 690D-9 0 IVC     
1 .2744485291340876D0 .7353620199999999D0 .0078793017318248D0 .007752480000000062D0 690D-9 0 IVC     
1 .2744485291340876D0 -.7353620199999999D0 .0078793017318248D0 .007752480000000062D0 690D-9 0 IVC     
1 .2665692274022628D0 .7353620199999999D0 .0078793017318248D0 .007752480000000062D0 690D-9 0 IVC     
1 .2665692274022628D0 -.7353620199999999D0 .0078793017318248D0 .007752480000000062D0 690D-9 0 IVC     
1 .2702384593995754D0 .741891275D0 .01126265040028304D0 .005306029999999962D0 690D-9 0 IVC     
1 .2702384593995754D0 -.741891275D0 .01126265040028304D0 .005306029999999962D0 690D-9 0 IVC     
1 .2815011097998584D0 .741891275D0 .01126265040028304D0 .005306029999999962D0 690D-9 0 IVC     
1 .2815011097998584D0 -.741891275D0 .01126265040028304D0 .005306029999999962D0 690D-9 0 IVC     
1 .272087045D0 .74687501D0 .01335275D0 .004661440000000017D0 690D-9 0 IVC     
1 .272087045D0 -.74687501D0 .01335275D0 .004661440000000017D0 690D-9 0 IVC     
1 .285439795D0 .74687501D0 .01335275D0 .004661440000000017D0 690D-9 0 IVC     
1 .285439795D0 -.74687501D0 .01335275D0 .004661440000000017D0 690D-9 0 IVC     
1 .27992878D0 .75765039D0 .02903622D0 .01688931999999999D0 690D-9 0 IVC     
1 .27992878D0 -.75765039D0 .02903622D0 .01688931999999999D0 690D-9 0 IVC     
1 .28837344D0 .78125982D0 .04592553999999999D0 .03032953999999999D0 690D-9 0 IVC     
1 .28837344D0 -.78125982D0 .04592553999999999D0 .03032953999999999D0 690D-9 0 IVC     
1 .28837344D0 .8115893599999999D0 .04592553999999999D0 .03032953999999999D0 690D-9 0 IVC     
1 .28837344D0 -.8115893599999999D0 .04592553999999999D0 .03032953999999999D0 690D-9 0 IVC     
1 .3169268733333334D0 .8095423492197313D0 .01118132666666666D0 .03085486261631665D0 690D-9 0 IVC     
1 .3169268733333334D0 -.8095423492197313D0 .01118132666666666D0 .03085486261631665D0 690D-9 0 IVC     
1 .3281082D0 .8094429160132768D0 .01118132666666666D0 .02378872455711523D0 690D-9 0 IVC     
1 .3281082D0 -.8094429160132768D0 .01118132666666666D0 .02378872455711523D0 690D-9 0 IVC     
1 .3392895266666667D0 .8093115811609051D0 .01118132666666666D0 .0166587832060795D0 690D-9 0 IVC     
1 .3392895266666667D0 -.8093115811609051D0 .01118132666666666D0 .0166587832060795D0 690D-9 0 IVC     
1 .3580611685D0 .8132976073085207D0 .026361957D0 .0131017953829583D0 690D-9 0 IVC     
1 .3580611685D0 -.8132976073085207D0 .026361957D0 .0131017953829583D0 690D-9 0 IVC     
1 .3844231255D0 .821400994456124D0 .026361957D0 .01311776108775209D0 690D-9 0 IVC     
1 .3844231255D0 -.821400994456124D0 .026361957D0 .01311776108775209D0 690D-9 0 IVC     
1 .4107850825D0 .8295043816037271D0 .026361957D0 .01313372679254565D0 690D-9 0 IVC     
1 .4107850825D0 -.8295043816037271D0 .026361957D0 .01313372679254565D0 690D-9 0 IVC     
1 .4371470395D0 .8376077687513304D0 .026361957D0 .01314969249733944D0 690D-9 0 IVC     
1 .4371470395D0 -.8376077687513304D0 .026361957D0 .01314969249733944D0 690D-9 0 IVC     
1 .4635089965D0 .8457111558989334D0 .026361957D0 .013165658202133D0 690D-9 0 IVC     
1 .4635089965D0 -.8457111558989334D0 .026361957D0 .013165658202133D0 690D-9 0 IVC     
1 .4898709535D0 .8538145430465367D0 .026361957D0 .01318162390692679D0 690D-9 0 IVC     
1 .4898709535D0 -.8538145430465367D0 .026361957D0 .01318162390692679D0 690D-9 0 IVC     
1 .5162329105D0 .8619179301941398D0 .026361957D0 .01319758961172035D0 690D-9 0 IVC     
1 .5162329105D0 -.8619179301941398D0 .026361957D0 .01319758961172035D0 690D-9 0 IVC     
1 .5425948675D0 .870021317341743D0 .026361957D0 .01321355531651414D0 690D-9 0 IVC     
1 .5425948675D0 -.870021317341743D0 .026361957D0 .01321355531651414D0 690D-9 0 IVC     
1 .5689568245D0 .8781247044893461D0 .026361957D0 .0132295210213077D0 690D-9 0 IVC     
1 .5689568245D0 -.8781247044893461D0 .026361957D0 .0132295210213077D0 690D-9 0 IVC     
1 .5953187814999999D0 .8862280916369494D0 .026361957D0 .01324548672610149D0 690D-9 0 IVC     
1 .5953187814999999D0 -.8862280916369494D0 .026361957D0 .01324548672610149D0 690D-9 0 IVC     
1 .6137977266666667D0 .8964588118607144D0 .01059593333333334D0 .02235765351590446D0 690D-9 0 IVC     
1 .6137977266666667D0 -.8964588118607144D0 .01059593333333334D0 .02235765351590446D0 690D-9 0 IVC     
1 .62439366D0 .8996148288596116D0 .01059593333333334D0 .02214887662317655D0 690D-9 0 IVC     
1 .62439366D0 -.8996148288596116D0 .01059593333333334D0 .02214887662317655D0 690D-9 0 IVC     
1 .6349895933333333D0 .9027891847312205D0 .01059593333333334D0 .02190342198502582D0 690D-9 0 IVC     
1 .6349895933333333D0 -.9027891847312205D0 .01059593333333334D0 .02190342198502582D0 690D-9 0 IVC     
1 .64589116D0 .9075924219955975D0 .0112072D0 .02466350320176099D0 690D-9 0 IVC     
1 .64589116D0 -.9075924219955975D0 .0112072D0 .02466350320176099D0 690D-9 0 IVC     
1 .64589116D0 .9322559251973586D0 .0112072D0 .02466350320176099D0 690D-9 0 IVC     
1 .64589116D0 -.9322559251973586D0 .0112072D0 .02466350320176099D0 690D-9 0 IVC     
1 .64589116D0 .9569194283991195D0 .0112072D0 .02466350320176099D0 690D-9 0 IVC     
1 .64589116D0 -.9569194283991195D0 .0112072D0 .02466350320176099D0 690D-9 0 IVC     
1 .65709836D0 .9105250623778076D0 .0112072D0 .02349044704887693D0 690D-9 0 IVC     
1 .65709836D0 -.9105250623778076D0 .0112072D0 .02349044704887693D0 690D-9 0 IVC     
1 .65709836D0 .9340155094266847D0 .0112072D0 .02349044704887693D0 690D-9 0 IVC     
1 .65709836D0 -.9340155094266847D0 .0112072D0 .02349044704887693D0 690D-9 0 IVC     
1 .65709836D0 .9575059564755615D0 .0112072D0 .02349044704887693D0 690D-9 0 IVC     
1 .65709836D0 -.9575059564755615D0 .0112072D0 .02349044704887693D0 690D-9 0 IVC     
1 .66830556D0 .9125729748197292D0 .0112072D0 .02054793501541511D0 690D-9 0 IVC     
1 .66830556D0 -.9125729748197292D0 .0112072D0 .02054793501541511D0 690D-9 0 IVC     
1 .66830556D0 .9331209098351443D0 .0112072D0 .02054793501541511D0 690D-9 0 IVC     
1 .66830556D0 -.9331209098351443D0 .0112072D0 .02054793501541511D0 690D-9 0 IVC     
1 .66830556D0 .9536688448505594D0 .0112072D0 .02054793501541511D0 690D-9 0 IVC     
1 .66830556D0 -.9536688448505594D0 .0112072D0 .02054793501541511D0 690D-9 0 IVC     
1 .6795127599999999D0 .9137316931983493D0 .0112072D0 .01582703485535109D0 690D-9 0 IVC     
1 .6795127599999999D0 -.9137316931983493D0 .0112072D0 .01582703485535109D0 690D-9 0 IVC     
1 .6795127599999999D0 .9295587280537004D0 .0112072D0 .01582703485535109D0 690D-9 0 IVC     
1 .6795127599999999D0 -.9295587280537004D0 .0112072D0 .01582703485535109D0 690D-9 0 IVC     
1 .6795127599999999D0 .9453857629090515D0 .0112072D0 .01582703485535109D0 690D-9 0 IVC     
1 .6795127599999999D0 -.9453857629090515D0 .0112072D0 .01582703485535109D0 690D-9 0 IVC     
1 .688717448D0 .9117194126733748D0 .007202175999999993D0 .02187741486348366D0 690D-9 0 IVC     
1 .688717448D0 -.9117194126733748D0 .007202175999999993D0 .02187741486348366D0 690D-9 0 IVC     
1 .688717448D0 .9335968275368584D0 .007202175999999993D0 .02187741486348366D0 690D-9 0 IVC     
1 .688717448D0 -.9335968275368584D0 .007202175999999993D0 .02187741486348366D0 690D-9 0 IVC     
1 .695919624D0 .899809540041664D0 .007202175999999993D0 .02524588863353094D0 690D-9 0 IVC     
1 .695919624D0 -.899809540041664D0 .007202175999999993D0 .02524588863353094D0 690D-9 0 IVC     
1 .695919624D0 .925055428675195D0 .007202175999999993D0 .02524588863353094D0 690D-9 0 IVC     
1 .695919624D0 -.925055428675195D0 .007202175999999993D0 .02524588863353094D0 690D-9 0 IVC     
1 .7031217999999999D0 .8878996674099532D0 .007202175999999993D0 .02861436240357818D0 690D-9 0 IVC     
1 .7031217999999999D0 -.8878996674099532D0 .007202175999999993D0 .02861436240357818D0 690D-9 0 IVC     
1 .7031217999999999D0 .9165140298135314D0 .007202175999999993D0 .02861436240357818D0 690D-9 0 IVC     
1 .7031217999999999D0 -.9165140298135314D0 .007202175999999993D0 .02861436240357818D0 690D-9 0 IVC     
1 .710323976D0 .8728941905875511D0 .007202175999999993D0 .025698673141271D0 690D-9 0 IVC     
1 .710323976D0 -.8728941905875511D0 .007202175999999993D0 .025698673141271D0 690D-9 0 IVC     
1 .710323976D0 .8985928637288222D0 .007202175999999993D0 .025698673141271D0 690D-9 0 IVC     
1 .710323976D0 -.8985928637288222D0 .007202175999999993D0 .025698673141271D0 690D-9 0 IVC     
1 .7175261519999999D0 .8653130901429786D0 .007202175999999993D0 .0201191202859573D0 690D-9 0 IVC     
1 .7175261519999999D0 -.8653130901429786D0 .007202175999999993D0 .0201191202859573D0 690D-9 0 IVC     
1 .723788885598591D0 .8424478505D0 .008149109910229657D0 .025611359D0 690D-9 0 IVC     
1 .723788885598591D0 -.8424478505D0 .008149109910229657D0 .025611359D0 690D-9 0 IVC     
1 .7373601019079034D0 .8168364915D0 .007951479506428383D0 .025611359D0 690D-9 0 IVC     
1 .7373601019079034D0 -.8168364915D0 .007951479506428383D0 .025611359D0 690D-9 0 IVC     
1 .7509313182172157D0 .7912251325D0 .007753849102626997D0 .025611359D0 690D-9 0 IVC     
1 .7509313182172157D0 -.7912251325D0 .007753849102626997D0 .025611359D0 690D-9 0 IVC     
1 .7645025345265281D0 .7656137735D0 .007556218698825612D0 .025611359D0 690D-9 0 IVC     
1 .7645025345265281D0 -.7656137735D0 .007556218698825612D0 .025611359D0 690D-9 0 IVC     
1 .7780737508358404D0 .7400024145D0 .007358588295024227D0 .025611359D0 690D-9 0 IVC     
1 .7780737508358404D0 -.7400024145D0 .007358588295024227D0 .025611359D0 690D-9 0 IVC     
1 .7916449671451529D0 .7143910555D0 .007160957891222952D0 .025611359D0 690D-9 0 IVC     
1 .7916449671451529D0 -.7143910555D0 .007160957891222952D0 .025611359D0 690D-9 0 IVC     
1 .8052161834544651D0 .6887796965D0 .006963327487421567D0 .025611359D0 690D-9 0 IVC     
1 .8052161834544651D0 -.6887796965D0 .006963327487421567D0 .025611359D0 690D-9 0 IVC     
1 .8187873997637776D0 .6631683375D0 .006765697083620181D0 .025611359D0 690D-9 0 IVC     
1 .8187873997637776D0 -.6631683375D0 .006765697083620181D0 .025611359D0 690D-9 0 IVC     
1 .8323586160730899D0 .6375569785D0 .006568066679818907D0 .025611359D0 690D-9 0 IVC     
1 .8323586160730899D0 -.6375569785D0 .006568066679818907D0 .025611359D0 690D-9 0 IVC     
1 .8459298323824023D0 .6119456195D0 .006370436276017521D0 .025611359D0 690D-9 0 IVC     
1 .8459298323824023D0 -.6119456195D0 .006370436276017521D0 .025611359D0 690D-9 0 IVC     
1 .8446431541666666D0 .5610107233333333D0 .006739508333333348D0 .01525168666666669D0 690D-9 0 IVC     
1 .8446431541666666D0 -.5610107233333333D0 .006739508333333348D0 .01525168666666669D0 690D-9 0 IVC     
1 .8446431541666666D0 .57626241D0 .006739508333333348D0 .01525168666666669D0 690D-9 0 IVC     
1 .8446431541666666D0 -.57626241D0 .006739508333333348D0 .01525168666666669D0 690D-9 0 IVC     
1 .8446431541666666D0 .5915140966666667D0 .006739508333333348D0 .01525168666666669D0 690D-9 0 IVC     
1 .8446431541666666D0 -.5915140966666667D0 .006739508333333348D0 .01525168666666669D0 690D-9 0 IVC     
1 .8513826624999999D0 .5622922999678532D0 .006739508333333348D0 .01473905601285871D0 690D-9 0 IVC     
1 .8513826624999999D0 -.5622922999678532D0 .006739508333333348D0 .01473905601285871D0 690D-9 0 IVC     
1 .8513826624999999D0 .577031355980712D0 .006739508333333348D0 .01473905601285871D0 690D-9 0 IVC     
1 .8513826624999999D0 -.577031355980712D0 .006739508333333348D0 .01473905601285871D0 690D-9 0 IVC     
1 .8513826624999999D0 .5917704119935707D0 .006739508333333348D0 .01473905601285871D0 690D-9 0 IVC     
1 .8513826624999999D0 -.5917704119935707D0 .006739508333333348D0 .01473905601285871D0 690D-9 0 IVC     
1 .8581221708333333D0 .560360237092663D0 .006739508333333348D0 .0137850518991746D0 690D-9 0 IVC     
1 .8581221708333333D0 -.560360237092663D0 .006739508333333348D0 .0137850518991746D0 690D-9 0 IVC     
1 .8581221708333333D0 .5741452889918376D0 .006739508333333348D0 .0137850518991746D0 690D-9 0 IVC     
1 .8581221708333333D0 -.5741452889918376D0 .006739508333333348D0 .0137850518991746D0 690D-9 0 IVC     
1 .8581221708333333D0 .5879303408910121D0 .006739508333333348D0 .0137850518991746D0 690D-9 0 IVC     
1 .8581221708333333D0 -.5879303408910121D0 .006739508333333348D0 .0137850518991746D0 690D-9 0 IVC     
1 .8648616791666667D0 .5525626373317907D0 .006739508333333348D0 .01177930473602647D0 690D-9 0 IVC     
1 .8648616791666667D0 -.5525626373317907D0 .006739508333333348D0 .01177930473602647D0 690D-9 0 IVC     
1 .8648616791666667D0 .5643419420678172D0 .006739508333333348D0 .01177930473602647D0 690D-9 0 IVC     
1 .8648616791666667D0 -.5643419420678172D0 .006739508333333348D0 .01177930473602647D0 690D-9 0 IVC     
1 .8648616791666667D0 .5761212468038437D0 .006739508333333348D0 .01177930473602647D0 690D-9 0 IVC     
1 .8648616791666667D0 -.5761212468038437D0 .006739508333333348D0 .01177930473602647D0 690D-9 0 IVC     
1 .8716011875D0 .54409102038779D0 .006739508333333348D0 .01004316444612963D0 690D-9 0 IVC     
1 .8716011875D0 -.54409102038779D0 .006739508333333348D0 .01004316444612963D0 690D-9 0 IVC     
1 .8716011875D0 .5541341848339196D0 .006739508333333348D0 .01004316444612963D0 690D-9 0 IVC     
1 .8716011875D0 -.5541341848339196D0 .006739508333333348D0 .01004316444612963D0 690D-9 0 IVC     
1 .8716011875D0 .5641773492800493D0 .006739508333333348D0 .01004316444612963D0 690D-9 0 IVC     
1 .8716011875D0 -.5641773492800493D0 .006739508333333348D0 .01004316444612963D0 690D-9 0 IVC     
1 .8783406958333334D0 .5356194034437894D0 .006739508333333348D0 .008307024156232709D0 690D-9 0 IVC     
1 .8783406958333334D0 -.5356194034437894D0 .006739508333333348D0 .008307024156232709D0 690D-9 0 IVC     
1 .8783406958333334D0 .5439264276000222D0 .006739508333333348D0 .008307024156232709D0 690D-9 0 IVC     
1 .8783406958333334D0 -.5439264276000222D0 .006739508333333348D0 .008307024156232709D0 690D-9 0 IVC     
1 .8783406958333334D0 .5522334517562549D0 .006739508333333348D0 .008307024156232709D0 690D-9 0 IVC     
1 .8783406958333334D0 -.5522334517562549D0 .006739508333333348D0 .008307024156232709D0 690D-9 0 IVC     
1 .8861634833333334D0 .5262631928002983D0 .008906066666666657D0 .009487114879880668D0 690D-9 0 IVC     
1 .8861634833333334D0 -.5262631928002983D0 .008906066666666657D0 .009487114879880668D0 690D-9 0 IVC     
1 .8861634833333334D0 .5357503076801789D0 .008906066666666657D0 .009487114879880668D0 690D-9 0 IVC     
1 .8861634833333334D0 -.5357503076801789D0 .008906066666666657D0 .009487114879880668D0 690D-9 0 IVC     
1 .8861634833333334D0 .5452374225600596D0 .008906066666666657D0 .009487114879880668D0 690D-9 0 IVC     
1 .8861634833333334D0 -.5452374225600596D0 .008906066666666657D0 .009487114879880668D0 690D-9 0 IVC     
1 .89506955D0 .5014873409612228D0 .008906066666666657D0 .0138553254396506D0 690D-9 0 IVC     
1 .89506955D0 -.5014873409612228D0 .008906066666666657D0 .0138553254396506D0 690D-9 0 IVC     
1 .89506955D0 .5153426664008735D0 .008906066666666657D0 .0138553254396506D0 690D-9 0 IVC     
1 .89506955D0 -.5153426664008735D0 .008906066666666657D0 .0138553254396506D0 690D-9 0 IVC     
1 .89506955D0 .5291979918405241D0 .008906066666666657D0 .0138553254396506D0 690D-9 0 IVC     
1 .89506955D0 -.5291979918405241D0 .008906066666666657D0 .0138553254396506D0 690D-9 0 IVC     
1 .89506955D0 .5430533172801747D0 .008906066666666657D0 .0138553254396506D0 690D-9 0 IVC     
1 .89506955D0 -.5430533172801747D0 .008906066666666657D0 .0138553254396506D0 690D-9 0 IVC     
1 .9084286500000001D0 .5078484325D0 .01781213333333331D0 .02808836499999995D0 690D-9 0 IVC     
1 .9084286500000001D0 -.5078484325D0 .01781213333333331D0 .02808836499999995D0 690D-9 0 IVC     
1 .9084286500000001D0 .5359367975D0 .01781213333333331D0 .02808836499999995D0 690D-9 0 IVC     
1 .9084286500000001D0 -.5359367975D0 .01781213333333331D0 .02808836499999995D0 690D-9 0 IVC     
1 .9262407833333333D0 .5078484325D0 .01781213333333331D0 .02808836499999995D0 690D-9 0 IVC     
1 .9262407833333333D0 -.5078484325D0 .01781213333333331D0 .02808836499999995D0 690D-9 0 IVC     
1 .9262407833333333D0 .5359367975D0 .01781213333333331D0 .02808836499999995D0 690D-9 0 IVC     
1 .9262407833333333D0 -.5359367975D0 .01781213333333331D0 .02808836499999995D0 690D-9 0 IVC     
1 .9020269442698374D0 .4815804289285714D0 .009260553603182342D0 .02444764214285714D0 690D-9 0 IVC     
1 .9020269442698374D0 -.4815804289285714D0 .009260553603182342D0 .02444764214285714D0 690D-9 0 IVC     
1 .9086413668329718D0 .4571327867857143D0 .009224432762627743D0 .02444764214285714D0 690D-9 0 IVC     
1 .9086413668329718D0 -.4571327867857143D0 .009224432762627743D0 .02444764214285714D0 690D-9 0 IVC     
1 .9152557893961064D0 .4326851446428571D0 .009188311922073034D0 .02444764214285714D0 690D-9 0 IVC     
1 .9152557893961064D0 -.4326851446428571D0 .009188311922073034D0 .02444764214285714D0 690D-9 0 IVC     
1 .9218702119592408D0 .4082375025D0 .009152191081518435D0 .02444764214285714D0 690D-9 0 IVC     
1 .9218702119592408D0 -.4082375025D0 .009152191081518435D0 .02444764214285714D0 690D-9 0 IVC     
1 .9284846345223753D0 .3837898603571429D0 .009116070240963614D0 .02444764214285714D0 690D-9 0 IVC     
1 .9284846345223753D0 -.3837898603571429D0 .009116070240963614D0 .02444764214285714D0 690D-9 0 IVC     
1 .9350990570855098D0 .3593422182142857D0 .009079949400409015D0 .02444764214285714D0 690D-9 0 IVC     
1 .9350990570855098D0 -.3593422182142857D0 .009079949400409015D0 .02444764214285714D0 690D-9 0 IVC     
1 .9417134796486443D0 .3348945760714286D0 .009043828559854417D0 .02444764214285714D0 690D-9 0 IVC     
1 .9417134796486443D0 -.3348945760714286D0 .009043828559854417D0 .02444764214285714D0 690D-9 0 IVC     
1 .9483279022117788D0 .3104469339285714D0 .009007707719299707D0 .02444764214285714D0 690D-9 0 IVC     
1 .9483279022117788D0 -.3104469339285714D0 .009007707719299707D0 .02444764214285714D0 690D-9 0 IVC     
1 .9549423247749131D0 .2859992917857143D0 .008971586878745108D0 .02444764214285714D0 690D-9 0 IVC     
1 .9549423247749131D0 -.2859992917857143D0 .008971586878745108D0 .02444764214285714D0 690D-9 0 IVC     
1 .9615567473380476D0 .2615516496428572D0 .008935466038190398D0 .02444764214285714D0 690D-9 0 IVC     
1 .9615567473380476D0 -.2615516496428572D0 .008935466038190398D0 .02444764214285714D0 690D-9 0 IVC     
1 .9681711699011821D0 .2371040075D0 .0088993451976358D0 .02444764214285714D0 690D-9 0 IVC     
1 .9681711699011821D0 -.2371040075D0 .0088993451976358D0 .02444764214285714D0 690D-9 0 IVC     
1 .9747855924643166D0 .2126563653571429D0 .008863224357081201D0 .02444764214285714D0 690D-9 0 IVC     
1 .9747855924643166D0 -.2126563653571429D0 .008863224357081201D0 .02444764214285714D0 690D-9 0 IVC     
1 .9814000150274511D0 .1882087232142857D0 .008827103516526491D0 .02444764214285714D0 690D-9 0 IVC     
1 .9814000150274511D0 -.1882087232142857D0 .008827103516526491D0 .02444764214285714D0 690D-9 0 IVC     
1 .9880144375905856D0 .1637610810714286D0 .008790982675971781D0 .02444764214285714D0 690D-9 0 IVC     
1 .9880144375905856D0 -.1637610810714286D0 .008790982675971781D0 .02444764214285714D0 690D-9 0 IVC     
1 .99145998D0 .136383534D0 .008496260000000033D0 .030307452D0 690D-9 0 IVC     
1 .99145998D0 -.136383534D0 .008496260000000033D0 .030307452D0 690D-9 0 IVC     
1 .99145998D0 .106076082D0 .008496260000000033D0 .030307452D0 690D-9 0 IVC     
1 .99145998D0 -.106076082D0 .008496260000000033D0 .030307452D0 690D-9 0 IVC     
1 .99145998D0 .07576863D0 .008496260000000033D0 .030307452D0 690D-9 0 IVC     
1 .99145998D0 -.07576863D0 .008496260000000033D0 .030307452D0 690D-9 0 IVC     
1 .99145998D0 .045461178D0 .008496260000000033D0 .030307452D0 690D-9 0 IVC     
1 .99145998D0 -.045461178D0 .008496260000000033D0 .030307452D0 690D-9 0 IVC     
1 .99145998D0 .01515372600000001D0 .008496260000000033D0 .030307452D0 690D-9 0 IVC     
1 .99145998D0 -.01515372600000001D0 .008496260000000033D0 .030307452D0 690D-9 0 IVC     
1 .838869565D0 .557529047313943D0 .004807669999999931D0 .008288334627886229D0 690D-9 0 IVC     
1 .838869565D0 -.557529047313943D0 .004807669999999931D0 .008288334627886229D0 690D-9 0 IVC     
1 .838869565D0 .5658173819418293D0 .004807669999999931D0 .008288334627886229D0 690D-9 0 IVC     
1 .838869565D0 -.5658173819418293D0 .004807669999999931D0 .008288334627886229D0 690D-9 0 IVC     
1 .838869565D0 .5741057165697155D0 .004807669999999931D0 .008288334627886229D0 690D-9 0 IVC     
1 .838869565D0 -.5741057165697155D0 .004807669999999931D0 .008288334627886229D0 690D-9 0 IVC     
1 .838869565D0 .5823940511976018D0 .004807669999999931D0 .008288334627886229D0 690D-9 0 IVC     
1 .838869565D0 -.5823940511976018D0 .004807669999999931D0 .008288334627886229D0 690D-9 0 IVC     
1 .838869565D0 .590682385825488D0 .004807669999999931D0 .008288334627886229D0 690D-9 0 IVC     
1 .838869565D0 -.590682385825488D0 .004807669999999931D0 .008288334627886229D0 690D-9 0 IVC     
1 .8291226956666666D0 .594398324792504D0 .01468606866666667D0 .01078315788745876D0 690D-9 0 IVC     
1 .8291226956666666D0 -.594398324792504D0 .01468606866666667D0 .01078315788745876D0 690D-9 0 IVC     
1 .814436627D0 .60184565809865D0 .01468606866666667D0 .01084552110465198D0 690D-9 0 IVC     
1 .814436627D0 -.60184565809865D0 .01468606866666667D0 .01084552110465198D0 690D-9 0 IVC     
1 .81203120875D0 .55719243D0 .01628968083333334D0 .007615100000000041D0 690D-9 0 IVC     
1 .81203120875D0 -.55719243D0 .01628968083333334D0 .007615100000000041D0 690D-9 0 IVC     
1 .81203120875D0 .5648075300000001D0 .01628968083333334D0 .007615100000000041D0 690D-9 0 IVC     
1 .81203120875D0 -.5648075300000001D0 .01628968083333334D0 .007615100000000041D0 690D-9 0 IVC     
1 .8283208895833334D0 .55719243D0 .01628968083333334D0 .007615100000000041D0 690D-9 0 IVC     
1 .8283208895833334D0 -.55719243D0 .01628968083333334D0 .007615100000000041D0 690D-9 0 IVC     
1 .8283208895833334D0 .5648075300000001D0 .01628968083333334D0 .007615100000000041D0 690D-9 0 IVC     
1 .8283208895833334D0 -.5648075300000001D0 .01628968083333334D0 .007615100000000041D0 690D-9 0 IVC     
1 1.26504775D0 .0322149835D0 .01527525000000007D0 .064429967D0 690D-9 0 OVC     
1 1.26504775D0 -.0322149835D0 .01527525000000007D0 .064429967D0 690D-9 0 OVC     
1 1.26504775D0 .09664495049999999D0 .01527525000000007D0 .064429967D0 690D-9 0 OVC     
1 1.26504775D0 -.09664495049999999D0 .01527525000000007D0 .064429967D0 690D-9 0 OVC     
1 1.26504775D0 .1610749175D0 .01527525000000007D0 .064429967D0 690D-9 0 OVC     
1 1.26504775D0 -.1610749175D0 .01527525000000007D0 .064429967D0 690D-9 0 OVC     
1 1.26504775D0 .2255048845D0 .01527525000000007D0 .064429967D0 690D-9 0 OVC     
1 1.26504775D0 -.2255048845D0 .01527525000000007D0 .064429967D0 690D-9 0 OVC     
1 1.26504775D0 .2899348515D0 .03055050000000015D0 .064429967D0 690D-9 0 OVC     
1 1.26504775D0 -.2899348515D0 .03055050000000015D0 .064429967D0 690D-9 0 OVC     
1 1.26504775D0 .3543648185D0 .03055050000000015D0 .064429967D0 690D-9 0 OVC     
1 1.26504775D0 -.3543648185D0 .03055050000000015D0 .064429967D0 690D-9 0 OVC     
1 1.26504775D0 .4187947855D0 .03055050000000015D0 .064429967D0 690D-9 0 OVC     
1 1.26504775D0 -.4187947855D0 .03055050000000015D0 .064429967D0 690D-9 0 OVC     
1 1.26504775D0 .4832247525D0 .03055050000000015D0 .064429967D0 690D-9 0 OVC     
1 1.26504775D0 -.4832247525D0 .03055050000000015D0 .064429967D0 690D-9 0 OVC     
1 1.26504775D0 .5476547195D0 .03055050000000015D0 .064429967D0 690D-9 0 OVC     
1 1.26504775D0 -.5476547195D0 .03055050000000015D0 .064429967D0 690D-9 0 OVC     
1 1.26504775D0 .6120846865D0 .03055050000000015D0 .064429967D0 690D-9 0 OVC     
1 1.26504775D0 -.6120846865D0 .03055050000000015D0 .064429967D0 690D-9 0 OVC     
1 1.2597184D0 .664175175D0 .06034019999999995D0 .03975101000000003D0 690D-9 0 OVC     
1 1.2597184D0 -.664175175D0 .06034019999999995D0 .03975101000000003D0 690D-9 0 OVC     
1 1.210423375D0 .7090184033333333D0 .06984495000000002D0 .04993544666666664D0 690D-9 0 OVC     
1 1.210423375D0 -.7090184033333333D0 .06984495000000002D0 .04993544666666664D0 690D-9 0 OVC     
1 1.210423375D0 .7589538499999999D0 .06984495000000002D0 .04993544666666664D0 690D-9 0 OVC     
1 1.210423375D0 -.7589538499999999D0 .06984495000000002D0 .04993544666666664D0 690D-9 0 OVC     
1 1.210423375D0 .8088892966666666D0 .06984495000000002D0 .04993544666666664D0 690D-9 0 OVC     
1 1.210423375D0 -.8088892966666666D0 .06984495000000002D0 .04993544666666664D0 690D-9 0 OVC     
1 1.280268325D0 .7090184033333333D0 .06984495000000002D0 .04993544666666664D0 690D-9 0 OVC     
1 1.280268325D0 -.7090184033333333D0 .06984495000000002D0 .04993544666666664D0 690D-9 0 OVC     
1 1.280268325D0 .7589538499999999D0 .06984495000000002D0 .04993544666666664D0 690D-9 0 OVC     
1 1.280268325D0 -.7589538499999999D0 .06984495000000002D0 .04993544666666664D0 690D-9 0 OVC     
1 1.280268325D0 .8088892966666666D0 .06984495000000002D0 .04993544666666664D0 690D-9 0 OVC     
1 1.280268325D0 -.8088892966666666D0 .06984495000000002D0 .04993544666666664D0 690D-9 0 OVC     
1 1.2142033D0 .85432139D0 .07740479999999994D0 .04092874000000002D0 690D-9 0 OVC     
1 1.2142033D0 -.85432139D0 .07740479999999994D0 .04092874000000002D0 690D-9 0 OVC     
1 1.2916081D0 .85432139D0 .07740479999999994D0 .04092874000000002D0 690D-9 0 OVC     
1 1.2916081D0 -.85432139D0 .07740479999999994D0 .04092874000000002D0 690D-9 0 OVC     
1 1.265202D0 .9014898383333333D0 .03085899999999997D0 .05340815666666669D0 690D-9 0 OVC     
1 1.265202D0 -.9014898383333333D0 .03085899999999997D0 .05340815666666669D0 690D-9 0 OVC     
1 1.265202D0 .9548979950000001D0 .03085899999999997D0 .05340815666666669D0 690D-9 0 OVC     
1 1.265202D0 -.9548979950000001D0 .03085899999999997D0 .05340815666666669D0 690D-9 0 OVC     
1 1.265202D0 1.008306151666667D0 .03085899999999997D0 .05340815666666669D0 690D-9 0 OVC     
1 1.265202D0 -1.008306151666667D0 .03085899999999997D0 .05340815666666669D0 690D-9 0 OVC     
1 1.265202D0 1.061714308333333D0 .03085899999999997D0 .05340815666666669D0 690D-9 0 OVC     
1 1.265202D0 -1.061714308333333D0 .03085899999999997D0 .05340815666666669D0 690D-9 0 OVC     
1 1.265202D0 1.115122465D0 .03085899999999997D0 .05340815666666669D0 690D-9 0 OVC     
1 1.265202D0 -1.115122465D0 .03085899999999997D0 .05340815666666669D0 690D-9 0 OVC     
1 1.265202D0 1.168530621666667D0 .03085899999999997D0 .05340815666666669D0 690D-9 0 OVC     
1 1.265202D0 -1.168530621666667D0 .03085899999999997D0 .05340815666666669D0 690D-9 0 OVC     
1 1.21428045D0 1.22690765D0 .07755909999999999D0 .0633459D0 690D-9 0 OVC     
1 1.21428045D0 -1.22690765D0 .07755909999999999D0 .0633459D0 690D-9 0 OVC     
1 1.21428045D0 1.29025355D0 .07755909999999999D0 .0633459D0 690D-9 0 OVC     
1 1.21428045D0 -1.29025355D0 .07755909999999999D0 .0633459D0 690D-9 0 OVC     
1 1.21428045D0 1.35359945D0 .07755909999999999D0 .0633459D0 690D-9 0 OVC     
1 1.21428045D0 -1.35359945D0 .07755909999999999D0 .0633459D0 690D-9 0 OVC     
1 1.29183955D0 1.22690765D0 .07755909999999999D0 .0633459D0 690D-9 0 OVC     
1 1.29183955D0 -1.22690765D0 .07755909999999999D0 .0633459D0 690D-9 0 OVC     
1 1.29183955D0 1.29025355D0 .07755909999999999D0 .0633459D0 690D-9 0 OVC     
1 1.29183955D0 -1.29025355D0 .07755909999999999D0 .0633459D0 690D-9 0 OVC     
1 1.29183955D0 1.35359945D0 .07755909999999999D0 .0633459D0 690D-9 0 OVC     
1 1.29183955D0 -1.35359945D0 .07755909999999999D0 .0633459D0 690D-9 0 OVC     
1 1.232586825D0 1.4004405D0 .06535485000000008D0 .03033620000000004D0 690D-9 0 OVC     
1 1.232586825D0 -1.4004405D0 .06535485000000008D0 .03033620000000004D0 690D-9 0 OVC     
1 1.297941675D0 1.4004405D0 .06535485000000008D0 .03033620000000004D0 690D-9 0 OVC     
1 1.297941675D0 -1.4004405D0 .06535485000000008D0 .03033620000000004D0 690D-9 0 OVC     
1 1.3226714625D0 .61348212D0 .04570412499999998D0 .03615402000000001D0 690D-9 0 BVLTCASE
1 1.3683755875D0 .61348212D0 .04570412499999998D0 .03615402000000001D0 690D-9 0 BVLTCASE
1 1.4140797125D0 .61348212D0 .04570412499999998D0 .03615402000000001D0 690D-9 0 BVLTCASE
1 1.4597838375D0 .61348212D0 .04570412499999998D0 .03615402000000001D0 690D-9 0 BVLTCASE
1 1.475210000734462D0 .56283238375D0 .01516280146892446D0 .06514545250000001D0 690D-9 0 BVLTCASE
1 1.475283699942633D0 .49768693125D0 .01531019988526516D0 .06514545250000001D0 690D-9 0 BVLTCASE
1 1.475357399150803D0 .4325414787499999D0 .01545759830160609D0 .06514545250000001D0 690D-9 0 BVLTCASE
1 1.475431098358973D0 .36739602625D0 .0156049967179468D0 .06514545250000001D0 690D-9 0 BVLTCASE
1 1.468026541666667D0 .33243577D0 .03058311666666665D0 .004775059999999998D0 690D-9 0 BVLTCASE
1 1.437443425D0 .33243577D0 .03058311666666665D0 .004775059999999998D0 690D-9 0 BVLTCASE
1 1.406860308333333D0 .33243577D0 .03058311666666665D0 .004775059999999998D0 690D-9 0 BVLTCASE
1 1.376277191666667D0 .33243577D0 .03058311666666665D0 .004775059999999998D0 690D-9 0 BVLTCASE
1 1.345694075D0 .33243577D0 .03058311666666665D0 .004775059999999998D0 690D-9 0 BVLTCASE
1 1.315110958333333D0 .33243577D0 .03058311666666665D0 .004775059999999998D0 690D-9 0 BVLTCASE
1 1.302548D0 .3565384508333334D0 .00545719999999994D0 .04343030166666667D0 690D-9 0 BVLTCASE
1 1.302548D0 .3999687525D0 .00545719999999994D0 .04343030166666667D0 690D-9 0 BVLTCASE
1 1.302548D0 .4433990541666667D0 .00545719999999994D0 .04343030166666667D0 690D-9 0 BVLTCASE
1 1.302548D0 .4868293558333333D0 .00545719999999994D0 .04343030166666667D0 690D-9 0 BVLTCASE
1 1.302548D0 .5302596575D0 .00545719999999994D0 .04343030166666667D0 690D-9 0 BVLTCASE
1 1.302548D0 .5736899591666667D0 .00545719999999994D0 .04343030166666667D0 690D-9 0 BVLTCASE
1 1.3226714625D0 -.61348212D0 .04570412499999998D0 .03615402000000001D0 690D-9 0 BVLBCASE
1 1.3683755875D0 -.61348212D0 .04570412499999998D0 .03615402000000001D0 690D-9 0 BVLBCASE
1 1.4140797125D0 -.61348212D0 .04570412499999998D0 .03615402000000001D0 690D-9 0 BVLBCASE
1 1.4597838375D0 -.61348212D0 .04570412499999998D0 .03615402000000001D0 690D-9 0 BVLBCASE
1 1.475210000734462D0 -.56283238375D0 .01516280146892446D0 .06514545250000001D0 690D-9 0 BVLBCASE
1 1.475283699942633D0 -.49768693125D0 .01531019988526516D0 .06514545250000001D0 690D-9 0 BVLBCASE
1 1.475357399150803D0 -.4325414787499999D0 .01545759830160609D0 .06514545250000001D0 690D-9 0 BVLBCASE
1 1.475431098358973D0 -.36739602625D0 .0156049967179468D0 .06514545250000001D0 690D-9 0 BVLBCASE
1 1.468026541666667D0 -.33243577D0 .03058311666666665D0 .004775059999999998D0 690D-9 0 BVLBCASE
1 1.437443425D0 -.33243577D0 .03058311666666665D0 .004775059999999998D0 690D-9 0 BVLBCASE
1 1.406860308333333D0 -.33243577D0 .03058311666666665D0 .004775059999999998D0 690D-9 0 BVLBCASE
1 1.376277191666667D0 -.33243577D0 .03058311666666665D0 .004775059999999998D0 690D-9 0 BVLBCASE
1 1.345694075D0 -.33243577D0 .03058311666666665D0 .004775059999999998D0 690D-9 0 BVLBCASE
1 1.315110958333333D0 -.33243577D0 .03058311666666665D0 .004775059999999998D0 690D-9 0 BVLBCASE
1 1.302548D0 -.3565384508333334D0 .00545719999999994D0 .04343030166666667D0 690D-9 0 BVLBCASE
1 1.302548D0 -.3999687525D0 .00545719999999994D0 .04343030166666667D0 690D-9 0 BVLBCASE
1 1.302548D0 -.4433990541666667D0 .00545719999999994D0 .04343030166666667D0 690D-9 0 BVLBCASE
1 1.302548D0 -.4868293558333333D0 .00545719999999994D0 .04343030166666667D0 690D-9 0 BVLBCASE
1 1.302548D0 -.5302596575D0 .00545719999999994D0 .04343030166666667D0 690D-9 0 BVLBCASE
1 1.302548D0 -.5736899591666667D0 .00545719999999994D0 .04343030166666667D0 690D-9 0 BVLBCASE
1 .17709789D0 1.3519862D0 .12285322D0 .03548099999999987D0 690D-9 0 ERINGT  
1 .29995111D0 1.3519862D0 .12285322D0 .03548099999999987D0 690D-9 0 ERINGT  
1 .38976258D0 1.35376025D0 .05676971999999997D0 .03902909999999982D0 690D-9 0 ERINGT  
1 .470482025D0 1.36551335D0 .10466917D0 .0155228999999999D0 690D-9 0 ERINGT  
1 .575151195D0 1.36551335D0 .10466917D0 .0155228999999999D0 690D-9 0 ERINGT  
1 .6587534775D0 1.36551335D0 .06253539500000005D0 .0155228999999999D0 690D-9 0 ERINGT  
1 .6749417175D0 1.34045485D0 .09491187499999998D0 .03459410000000007D0 690D-9 0 ERINGT  
1 .7698535925D0 1.34045485D0 .09491187499999998D0 .03459410000000007D0 690D-9 0 ERINGT  
1 .7156337114828615D0 1.306193425D0 .06778387901142563D0 .03392874999999995D0 690D-9 0 ERINGT  
1 .7834175904942872D0 1.306193425D0 .06778387901142563D0 .03392874999999995D0 690D-9 0 ERINGT  
1 .7213257104942872D0 1.272264675D0 .06398921300380855D0 .03392874999999995D0 690D-9 0 ERINGT  
1 .7853149234980956D0 1.272264675D0 .06398921300380855D0 .03392874999999995D0 690D-9 0 ERINGT  
1 .17709789D0 -1.3519862D0 .12285322D0 .03548099999999987D0 690D-9 0 ERINGB  
1 .29995111D0 -1.3519862D0 .12285322D0 .03548099999999987D0 690D-9 0 ERINGB  
1 .38976258D0 -1.35376025D0 .05676971999999997D0 .03902909999999982D0 690D-9 0 ERINGB  
1 .470482025D0 -1.36551335D0 .10466917D0 .0155228999999999D0 690D-9 0 ERINGB  
1 .575151195D0 -1.36551335D0 .10466917D0 .0155228999999999D0 690D-9 0 ERINGB  
1 .6587534775D0 -1.36551335D0 .06253539500000005D0 .0155228999999999D0 690D-9 0 ERINGB  
1 .6749417175D0 -1.34045485D0 .09491187499999998D0 .03459410000000007D0 690D-9 0 ERINGB  
1 .7698535925D0 -1.34045485D0 .09491187499999998D0 .03459410000000007D0 690D-9 0 ERINGB  
1 .7156337114828615D0 -1.306193425D0 .06778387901142563D0 .03392874999999995D0 690D-9 0 ERINGB  
1 .7834175904942872D0 -1.306193425D0 .06778387901142563D0 .03392874999999995D0 690D-9 0 ERINGB  
1 .7213257104942872D0 -1.272264675D0 .06398921300380855D0 .03392874999999995D0 690D-9 0 ERINGB  
1 .7853149234980956D0 -1.272264675D0 .06398921300380855D0 .03392874999999995D0 690D-9 0 ERINGB  
1 .16290457D0 .888087235D0 .01242048D0 .008601190000000036D0 690D-9 0 DIVTCASE
1 .17532505D0 .888087235D0 .01242048D0 .008601190000000036D0 690D-9 0 DIVTCASE
1 .18774553D0 .888087235D0 .01242048D0 .008601190000000036D0 690D-9 0 DIVTCASE
1 .20016601D0 .888087235D0 .01242048D0 .008601190000000036D0 690D-9 0 DIVTCASE
1 .21258649D0 .888087235D0 .01242048D0 .008601190000000036D0 690D-9 0 DIVTCASE
1 .22500697D0 .888087235D0 .01242048D0 .008601190000000036D0 690D-9 0 DIVTCASE
1 .229398D0 .86281141625D0 .003638420000000003D0 .04195044749999999D0 690D-9 0 DIVTCASE
1 .229398D0 .8208609687499999D0 .003638420000000003D0 .04195044749999999D0 690D-9 0 DIVTCASE
1 .229398D0 .77891052125D0 .003638420000000003D0 .04195044749999999D0 690D-9 0 DIVTCASE
1 .229398D0 .7369600737499999D0 .003638420000000003D0 .04195044749999999D0 690D-9 0 DIVTCASE
1 .226477815D0 .70694705D0 .009478790000000015D0 .01807559999999997D0 690D-9 0 DIVTCASE
1 .175433995D0 .6999196750000001D0 .01852176999999999D0 .03213034999999997D0 690D-9 0 DIVTCASE
1 .193955765D0 .6999196750000001D0 .01852176999999999D0 .03213034999999997D0 690D-9 0 DIVTCASE
1 .212477535D0 .6999196750000001D0 .01852176999999999D0 .03213034999999997D0 690D-9 0 DIVTCASE
1 .16143372D0 .70694705D0 .00947878000000002D0 .01807559999999997D0 690D-9 0 DIVTCASE
1 .15805723D0 .7369600737499999D0 .0027258D0 .04195044749999999D0 690D-9 0 DIVTCASE
1 .15805723D0 .77891052125D0 .0027258D0 .04195044749999999D0 690D-9 0 DIVTCASE
1 .15805723D0 .8208609687499999D0 .0027258D0 .04195044749999999D0 690D-9 0 DIVTCASE
1 .15805723D0 .86281141625D0 .0027258D0 .04195044749999999D0 690D-9 0 DIVTCASE
1 .16290457D0 -.888087235D0 .01242048D0 .008601190000000036D0 690D-9 0 DIVBCASE
1 .17532505D0 -.888087235D0 .01242048D0 .008601190000000036D0 690D-9 0 DIVBCASE
1 .18774553D0 -.888087235D0 .01242048D0 .008601190000000036D0 690D-9 0 DIVBCASE
1 .20016601D0 -.888087235D0 .01242048D0 .008601190000000036D0 690D-9 0 DIVBCASE
1 .21258649D0 -.888087235D0 .01242048D0 .008601190000000036D0 690D-9 0 DIVBCASE
1 .22500697D0 -.888087235D0 .01242048D0 .008601190000000036D0 690D-9 0 DIVBCASE
1 .229398D0 -.86281141625D0 .003638420000000003D0 .04195044749999999D0 690D-9 0 DIVBCASE
1 .229398D0 -.8208609687499999D0 .003638420000000003D0 .04195044749999999D0 690D-9 0 DIVBCASE
1 .229398D0 -.77891052125D0 .003638420000000003D0 .04195044749999999D0 690D-9 0 DIVBCASE
1 .229398D0 -.7369600737499999D0 .003638420000000003D0 .04195044749999999D0 690D-9 0 DIVBCASE
1 .226477815D0 -.70694705D0 .009478790000000015D0 .01807559999999997D0 690D-9 0 DIVBCASE
1 .175433995D0 -.6999196750000001D0 .01852176999999999D0 .03213034999999997D0 690D-9 0 DIVBCASE
1 .193955765D0 -.6999196750000001D0 .01852176999999999D0 .03213034999999997D0 690D-9 0 DIVBCASE
1 .212477535D0 -.6999196750000001D0 .01852176999999999D0 .03213034999999997D0 690D-9 0 DIVBCASE
1 .16143372D0 -.70694705D0 .00947878000000002D0 .01807559999999997D0 690D-9 0 DIVBCASE
1 .15805723D0 -.7369600737499999D0 .0027258D0 .04195044749999999D0 690D-9 0 DIVBCASE
1 .15805723D0 -.77891052125D0 .0027258D0 .04195044749999999D0 690D-9 0 DIVBCASE
1 .15805723D0 -.8208609687499999D0 .0027258D0 .04195044749999999D0 690D-9 0 DIVBCASE
1 .15805723D0 -.86281141625D0 .0027258D0 .04195044749999999D0 690D-9 0 DIVBCASE
1 .7331585469959947D0 .3885187824299066D0 .03430179600801064D0 .004951814579439273D0 690D-9 0 MCTCASE 
1 .7674603430040052D0 .3885187824299066D0 .03430179600801064D0 .004951814579439273D0 690D-9 0 MCTCASE 
1 .7184507968558077D0 .3703105475700935D0 .004886295727636769D0 .03146465514018693D0 690D-9 0 MCTCASE 
1 .7184507968558077D0 .3388458924299066D0 .004886295727636769D0 .03146465514018693D0 690D-9 0 MCTCASE 
1 .7823146820160213D0 .3703105475700935D0 .004593117983978656D0 .03146465514018693D0 690D-9 0 MCTCASE 
1 .7823146820160213D0 .3388458924299066D0 .004593117983978656D0 .03146465514018693D0 690D-9 0 MCTCASE 
1 .7331585469959947D0 .3206376575700935D0 .03430179600801064D0 .004951814579439273D0 690D-9 0 MCTCASE 
1 .7674603430040052D0 .3206376575700935D0 .03430179600801064D0 .004951814579439273D0 690D-9 0 MCTCASE 
1 .7331585469959947D0 -.3885187824299066D0 .03430179600801064D0 .004951814579439273D0 690D-9 0 MCBCASE 
1 .7674603430040052D0 -.3885187824299066D0 .03430179600801064D0 .004951814579439273D0 690D-9 0 MCBCASE 
1 .7184507968558077D0 -.3703105475700935D0 .004886295727636769D0 .03146465514018693D0 690D-9 0 MCBCASE 
1 .7184507968558077D0 -.3388458924299066D0 .004886295727636769D0 .03146465514018693D0 690D-9 0 MCBCASE 
1 .7823146820160213D0 -.3703105475700935D0 .004593117983978656D0 .03146465514018693D0 690D-9 0 MCBCASE 
1 .7823146820160213D0 -.3388458924299066D0 .004593117983978656D0 .03146465514018693D0 690D-9 0 MCBCASE 
1 .7331585469959947D0 -.3206376575700935D0 .03430179600801064D0 .004951814579439273D0 690D-9 0 MCBCASE 
1 .7674603430040052D0 -.3206376575700935D0 .03430179600801064D0 .004951814579439273D0 690D-9 0 MCBCASE 
1 0.2824918032786885 0.6057857142857143 0.03387353629976592 0.02957142857142858 1.1991809921192724e-06 0 DIVPSRT
1 0.3032622950819672 0.6353571428571428 0.03404683840749423 0.02957142857142858 1.1991809921192724e-06 0 DIVPSRT
1 0.3240327868852458 0.6649285714285714 0.03422014051522254 0.02957142857142858 1.1991809921192724e-06 0 DIVPSRT
1 0.3448032786885246 0.6945 0.03439344262295085 0.02957142857142858 1.1991809921192724e-06 0 DIVPSRT
1 0.3655737704918033 0.7240714285714286 0.03456674473067917 0.02957142857142858 1.1991809921192724e-06 0 DIVPSRT
1 0.386344262295082 0.7536428571428572 0.03474004683840748 0.02957142857142858 1.1991809921192724e-06 0 DIVPSRT
1 0.4071147540983607 0.7832142857142858 0.03491334894613585 0.02957142857142858 1.1991809921192724e-06 0 DIVPSRT
1 0.2824918032786885 -0.6057857142857143 0.03387353629976592 0.02957142857142858 1.1192355926446543e-06 0 DIVPSRB
1 0.3032622950819672 -0.6353571428571428 0.03404683840749423 0.02957142857142858 1.1192355926446543e-06 0 DIVPSRB
1 0.3240327868852458 -0.6649285714285714 0.03422014051522254 0.02957142857142858 1.1192355926446543e-06 0 DIVPSRB
1 0.3448032786885246 -0.6945 0.03439344262295085 0.02957142857142858 1.1192355926446543e-06 0 DIVPSRB
1 0.3655737704918033 -0.7240714285714286 0.03456674473067917 0.02957142857142858 1.1192355926446543e-06 0 DIVPSRB
1 0.386344262295082 -0.7536428571428572 0.03474004683840748 0.02957142857142858 1.1192355926446543e-06 0 DIVPSRB
1 0.4071147540983607 -0.7832142857142858 0.03491334894613585 0.02957142857142858 1.1192355926446543e-06 0 DIVPSRB
1 .1771557778281554D0 .4299494244307197D0 .00458105349421071D0 .004581884599706765D0 89.26063915727875D-9 0 HFSPSRT 
1 .1817368313223661D0 .4264033794430553D0 .00458105349421071D0 .006479031669621604D0 89.26063915727875D-9 0 HFSPSRT 
1 .1863178848165768D0 .4244124504984752D0 .00458105349421071D0 .01148641082570506D0 89.26063915727875D-9 0 HFSPSRT 
1 .1908989383107875D0 .4283993622409034D0 .00458105349421071D0 .01285088869443218D0 89.26063915727875D-9 0 HFSPSRT 
1 .1954799918049983D0 .433068512917695D0 .00458105349421071D0 .01285088869443218D0 89.26063915727875D-9 0 HFSPSRT 
1 .200061045299209D0 .4377376635944867D0 .00458105349421071D0 .01285088869443218D0 89.26063915727875D-9 0 HFSPSRT 
1 .2046420987934197D0 .4424068142712784D0 .00458105349421071D0 .01285088869443213D0 89.26063915727875D-9 0 HFSPSRT 
1 .2092231522876304D0 .4470759649480701D0 .00458105349421071D0 .01285088869443218D0 89.26063915727875D-9 0 HFSPSRT 
1 .2138042057818411D0 .4517451156248617D0 .00458105349421071D0 .01285088869443213D0 89.26063915727875D-9 0 HFSPSRT 
1 .2183852592760518D0 .4564142663016535D0 .00458105349421071D0 .01285088869443213D0 89.26063915727875D-9 0 HFSPSRT 
1 .2229663127702625D0 .4610834169784451D0 .00458105349421071D0 .01285088869443213D0 89.26063915727875D-9 0 HFSPSRT 
1 .2275473662644732D0 .4657525676552369D0 .00458105349421071D0 .01285088869443213D0 89.26063915727875D-9 0 HFSPSRT 
1 .2275473662644732D0 .4789970304717437D0 .00458105349421071D0 .006479031669621604D0 89.26063915727875D-9 0 HFSPSRT 
1 .2321284197586839D0 .4708691008843726D0 .00458105349421071D0 .01374565379912024D0 89.26063915727875D-9 0 HFSPSRT 
1 .2367094732528947D0 .4709563669614575D0 .00458105349421071D0 .004581884599706709D0 89.26063915727875D-9 0 HFSPSRT 
1 .1771557778281554D0 -.4299494244307197D0 .00458105349421071D0 .004581884599706765D0 86.97190481991264D-9 0 HFSPSRB 
1 .1817368313223661D0 -.4264033794430553D0 .00458105349421071D0 .006479031669621604D0 86.97190481991264D-9 0 HFSPSRB 
1 .1863178848165768D0 -.4244124504984752D0 .00458105349421071D0 .01148641082570506D0 86.97190481991264D-9 0 HFSPSRB 
1 .1908989383107875D0 -.4283993622409034D0 .00458105349421071D0 .01285088869443218D0 86.97190481991264D-9 0 HFSPSRB 
1 .1954799918049983D0 -.433068512917695D0 .00458105349421071D0 .01285088869443218D0 86.97190481991264D-9 0 HFSPSRB 
1 .200061045299209D0 -.4377376635944867D0 .00458105349421071D0 .01285088869443218D0 86.97190481991264D-9 0 HFSPSRB 
1 .2046420987934197D0 -.4424068142712784D0 .00458105349421071D0 .01285088869443213D0 86.97190481991264D-9 0 HFSPSRB 
1 .2092231522876304D0 -.4470759649480701D0 .00458105349421071D0 .01285088869443218D0 86.97190481991264D-9 0 HFSPSRB 
1 .2138042057818411D0 -.4517451156248617D0 .00458105349421071D0 .01285088869443213D0 86.97190481991264D-9 0 HFSPSRB 
1 .2183852592760518D0 -.4564142663016535D0 .00458105349421071D0 .01285088869443213D0 86.97190481991264D-9 0 HFSPSRB 
1 .2229663127702625D0 -.4610834169784451D0 .00458105349421071D0 .01285088869443213D0 86.97190481991264D-9 0 HFSPSRB 
1 .2275473662644732D0 -.4657525676552369D0 .00458105349421071D0 .01285088869443213D0 86.97190481991264D-9 0 HFSPSRB 
1 .2275473662644732D0 -.4789970304717437D0 .00458105349421071D0 .006479031669621604D0 86.97190481991264D-9 0 HFSPSRB 
1 .2321284197586839D0 -.4708691008843726D0 .00458105349421071D0 .01374565379912024D0 86.97190481991264D-9 0 HFSPSRB 
1 .2367094732528947D0 -.4709563669614575D0 .00458105349421071D0 .004581884599706709D0 86.97190481991264D-9 0 HFSPSRB 
1 .7997505583333333D0 -.6092929914047959D0 .01468606866666667D0 .01090788432184531D0 690D-9 0 GASBFLB
1 .7850644896666666D0 -.6167403247109418D0 .01468606866666667D0 .01097024753903852D0 690D-9 0 GASBFLB
1 .770378421D0 -.6241876580170876D0 .01468606866666667D0 .01103261075623174D0 690D-9 0 GASBFLB
1 .7556923523333333D0 -.6316349913232335D0 .01468606866666667D0 .01109497397342496D0 690D-9 0 GASBFLB
1 .7410062836666667D0 -.6390823246293795D0 .01468606866666667D0 .01115733719061829D0 690D-9 0 GASBFLB
1 .726320215D0 -.6465296579355253D0 .01468606866666667D0 .01121970040781151D0 690D-9 0 GASBFLB
1 .7116341463333333D0 -.6539769912416713D0 .01468606866666667D0 .01128206362500472D0 690D-9 0 GASBFLB
1 .6969480776666667D0 -.6614243245478171D0 .01468606866666667D0 .01134442684219794D0 690D-9 0 GASBFLB
1 .682262009D0 -.6688716578539631D0 .01468606866666667D0 .01140679005939127D0 690D-9 0 GASBFLB
1 .6675759403333333D0 -.676318991160109D0 .01468606866666667D0 .01146915327658449D0 690D-9 0 GASBFLB
1 .6528898716666667D0 -.6837663244662548D0 .01468606866666667D0 .01153151649377759D0 690D-9 0 GASBFLB
1 .638203803D0 -.6913022618854043D0 .01468606866666667D0 .01141667148496384D0 690D-9 0 GASBFLB
1 .6235177343333334D0 -.6990832024529603D0 .01468606866666667D0 .01081182017933691D0 690D-9 0 GASBFLB
1 .6101045816666666D0 -.7037074800000001D0 .01214023666666664D0 .009041779999999999D0 690D-9 0 GASBFLB
1 .5979643450000001D0 -.7037074800000001D0 .01214023666666664D0 .009041779999999999D0 690D-9 0 GASBFLB
1 .5858241083333333D0 -.7037074800000001D0 .01214023666666664D0 .009041779999999999D0 690D-9 0 GASBFLB
1 .638023825D0 -.6746796064285714D0 .005931469999999939D0 .01866072714285714D0 690D-9 0 GASBFLB
1 .638023825D0 -.6560188792857142D0 .005931469999999939D0 .01866072714285714D0 690D-9 0 GASBFLB
1 .638023825D0 -.6373581521428571D0 .005931469999999939D0 .01866072714285714D0 690D-9 0 GASBFLB
1 .638023825D0 -.6186974249999999D0 .005931469999999939D0 .01866072714285714D0 690D-9 0 GASBFLB
1 .638023825D0 -.6000366978571429D0 .005931469999999939D0 .01866072714285714D0 690D-9 0 GASBFLB
1 .638023825D0 -.5813759707142857D0 .005931469999999939D0 .01866072714285714D0 690D-9 0 GASBFLB
1 .638023825D0 -.5627152435714285D0 .005931469999999939D0 .01866072714285714D0 690D-9 0 GASBFLB
1 .6491344004166666D0 -.55719243D0 .01628968083333334D0 .007615100000000041D0 690D-9 0 GASBFLB
1 .6491344004166666D0 -.5648075300000001D0 .01628968083333334D0 .007615100000000041D0 690D-9 0 GASBFLB
1 .66542408125D0 -.55719243D0 .01628968083333334D0 .007615100000000041D0 690D-9 0 GASBFLB
1 .66542408125D0 -.5648075300000001D0 .01628968083333334D0 .007615100000000041D0 690D-9 0 GASBFLB
1 .6817137620833333D0 -.55719243D0 .01628968083333334D0 .007615100000000041D0 690D-9 0 GASBFLB
1 .6817137620833333D0 -.5648075300000001D0 .01628968083333334D0 .007615100000000041D0 690D-9 0 GASBFLB
1 .6980034429166666D0 -.55719243D0 .01628968083333334D0 .007615100000000041D0 690D-9 0 GASBFLB
1 .6980034429166666D0 -.5648075300000001D0 .01628968083333334D0 .007615100000000041D0 690D-9 0 GASBFLB
1 .71429312375D0 -.55719243D0 .01628968083333334D0 .007615100000000041D0 690D-9 0 GASBFLB
1 .71429312375D0 -.5648075300000001D0 .01628968083333334D0 .007615100000000041D0 690D-9 0 GASBFLB
1 .7305828045833334D0 -.55719243D0 .01628968083333334D0 .007615100000000041D0 690D-9 0 GASBFLB
1 .7305828045833334D0 -.5648075300000001D0 .01628968083333334D0 .007615100000000041D0 690D-9 0 GASBFLB
1 .7468724854166666D0 -.55719243D0 .01628968083333334D0 .007615100000000041D0 690D-9 0 GASBFLB
1 .7468724854166666D0 -.5648075300000001D0 .01628968083333334D0 .007615100000000041D0 690D-9 0 GASBFLB
1 .76316216625D0 -.55719243D0 .01628968083333334D0 .007615100000000041D0 690D-9 0 GASBFLB
1 .76316216625D0 -.5648075300000001D0 .01628968083333334D0 .007615100000000041D0 690D-9 0 GASBFLB
1 .7794518470833334D0 -.55719243D0 .01628968083333334D0 .007615100000000041D0 690D-9 0 GASBFLB
1 .7794518470833334D0 -.5648075300000001D0 .01628968083333334D0 .007615100000000041D0 690D-9 0 GASBFLB
1 .7957415279166666D0 -.55719243D0 .01628968083333334D0 .007615100000000041D0 690D-9 0 GASBFLB
1 .7957415279166666D0 -.5648075300000001D0 .01628968083333334D0 .007615100000000041D0 690D-9 0 GASBFLB
1 .7997505583333333D0 .6092929914047959D0 .01468606866666667D0 .01090788432184531D0 690D-9 0 GASBFLT
1 .7850644896666666D0 .6167403247109418D0 .01468606866666667D0 .01097024753903852D0 690D-9 0 GASBFLT
1 .770378421D0 .6241876580170876D0 .01468606866666667D0 .01103261075623174D0 690D-9 0 GASBFLT
1 .7556923523333333D0 .6316349913232335D0 .01468606866666667D0 .01109497397342496D0 690D-9 0 GASBFLT
1 .7410062836666667D0 .6390823246293795D0 .01468606866666667D0 .01115733719061829D0 690D-9 0 GASBFLT
1 .726320215D0 .6465296579355253D0 .01468606866666667D0 .01121970040781151D0 690D-9 0 GASBFLT
1 .7116341463333333D0 .6539769912416713D0 .01468606866666667D0 .01128206362500472D0 690D-9 0 GASBFLT
1 .6969480776666667D0 .6614243245478171D0 .01468606866666667D0 .01134442684219794D0 690D-9 0 GASBFLT
1 .682262009D0 .6688716578539631D0 .01468606866666667D0 .01140679005939127D0 690D-9 0 GASBFLT
1 .6675759403333333D0 .676318991160109D0 .01468606866666667D0 .01146915327658449D0 690D-9 0 GASBFLT
1 .6528898716666667D0 .6837663244662548D0 .01468606866666667D0 .01153151649377759D0 690D-9 0 GASBFLT
1 .638203803D0 .6913022618854043D0 .01468606866666667D0 .01141667148496384D0 690D-9 0 GASBFLT
1 .6235177343333334D0 .6990832024529603D0 .01468606866666667D0 .01081182017933691D0 690D-9 0 GASBFLT
1 .6101045816666666D0 .7037074800000001D0 .01214023666666664D0 .009041779999999999D0 690D-9 0 GASBFLT
1 .5979643450000001D0 .7037074800000001D0 .01214023666666664D0 .009041779999999999D0 690D-9 0 GASBFLT
1 .5858241083333333D0 .7037074800000001D0 .01214023666666664D0 .009041779999999999D0 690D-9 0 GASBFLT
1 .638023825D0 .6746796064285714D0 .005931469999999939D0 .01866072714285714D0 690D-9 0 GASBFLT
1 .638023825D0 .6560188792857142D0 .005931469999999939D0 .01866072714285714D0 690D-9 0 GASBFLT
1 .638023825D0 .6373581521428571D0 .005931469999999939D0 .01866072714285714D0 690D-9 0 GASBFLT
1 .638023825D0 .6186974249999999D0 .005931469999999939D0 .01866072714285714D0 690D-9 0 GASBFLT
1 .638023825D0 .6000366978571429D0 .005931469999999939D0 .01866072714285714D0 690D-9 0 GASBFLT
1 .638023825D0 .5813759707142857D0 .005931469999999939D0 .01866072714285714D0 690D-9 0 GASBFLT
1 .638023825D0 .5627152435714285D0 .005931469999999939D0 .01866072714285714D0 690D-9 0 GASBFLT
1 .6491344004166666D0 .55719243D0 .01628968083333334D0 .007615100000000041D0 690D-9 0 GASBFLT
1 .6491344004166666D0 .5648075300000001D0 .01628968083333334D0 .007615100000000041D0 690D-9 0 GASBFLT
1 .66542408125D0 .55719243D0 .01628968083333334D0 .007615100000000041D0 690D-9 0 GASBFLT
1 .66542408125D0 .5648075300000001D0 .01628968083333334D0 .007615100000000041D0 690D-9 0 GASBFLT
1 .6817137620833333D0 .55719243D0 .01628968083333334D0 .007615100000000041D0 690D-9 0 GASBFLT
1 .6817137620833333D0 .5648075300000001D0 .01628968083333334D0 .007615100000000041D0 690D-9 0 GASBFLT
1 .6980034429166666D0 .55719243D0 .01628968083333334D0 .007615100000000041D0 690D-9 0 GASBFLT
1 .6980034429166666D0 .5648075300000001D0 .01628968083333334D0 .007615100000000041D0 690D-9 0 GASBFLT
1 .71429312375D0 .55719243D0 .01628968083333334D0 .007615100000000041D0 690D-9 0 GASBFLT
1 .71429312375D0 .5648075300000001D0 .01628968083333334D0 .007615100000000041D0 690D-9 0 GASBFLT
1 .7305828045833334D0 .55719243D0 .01628968083333334D0 .007615100000000041D0 690D-9 0 GASBFLT
1 .7305828045833334D0 .5648075300000001D0 .01628968083333334D0 .007615100000000041D0 690D-9 0 GASBFLT
1 .7468724854166666D0 .55719243D0 .01628968083333334D0 .007615100000000041D0 690D-9 0 GASBFLT
1 .7468724854166666D0 .5648075300000001D0 .01628968083333334D0 .007615100000000041D0 690D-9 0 GASBFLT
1 .76316216625D0 .55719243D0 .01628968083333334D0 .007615100000000041D0 690D-9 0 GASBFLT
1 .76316216625D0 .5648075300000001D0 .01628968083333334D0 .007615100000000041D0 690D-9 0 GASBFLT
1 .7794518470833334D0 .55719243D0 .01628968083333334D0 .007615100000000041D0 690D-9 0 GASBFLT
1 .7794518470833334D0 .5648075300000001D0 .01628968083333334D0 .007615100000000041D0 690D-9 0 GASBFLT
1 .7957415279166666D0 .55719243D0 .01628968083333334D0 .007615100000000041D0 690D-9 0 GASBFLT
1 .7957415279166666D0 .5648075300000001D0 .01628968083333334D0 .007615100000000041D0 690D-9 0 GASBFLT