1 ROG_BVLB
1.29 1.49 1.49 1.29 1.29
-0.32 -0.32 -0.65 -0.65 -0.32
2 ROG_BVLT
1.29 1.49 1.49 1.29 1.29
0.3 0.3 0.63 0.63 0.3
3 ROG_BVLWIRE
1.32 1.356 1.356 1.32 1.32
0.3838 0.3838 0.345 0.345 0.3838
4 ROG_BVUBWIRE
1.014 1.029 1.029 1.014 1.014
-1.1 -1.1 -1.075 -1.075 -1.1
5 ROG_BVUTWIRE
1.014 1.029 1.029 1.014 1.014
1.102 1.102 1.077 1.077 1.102
6 ROG_DIVB
0.15 0.235 0.235 0.15 0.15
-0.68 -0.68 -0.9 -0.9 -0.68
7 ROG_DIVBWIRE
0.164 0.1782 0.1782 0.164 0.164
-0.86 -0.86 -0.84 -0.84 -0.86
8 ROG_DIVPSRB
0.25 0.292 0.441 0.397 0.25
-0.588 -0.588 -0.8 -0.8 -0.588
9 ROG_DIVPSRT
0.25 0.292 0.441 0.397 0.25
0.588 0.588 0.8 0.8 0.588
10 ROG_DIVT
0.15 0.235 0.235 0.15 0.15
0.68 0.68 0.9 0.9 0.68
11 ROG_DIVTWIRE
0.164 0.1782 0.1782 0.164 0.164
0.86 0.86 0.84 0.84 0.86
12 ROG_GASBFLB
0.81 0.81 0.57 0.57 0.62 0.62 0.81
-0.55 -0.62 -0.75 -0.696 -0.677 -0.55 -0.55
13 ROG_GASBFLT
0.81 0.81 0.57 0.57 0.62 0.62 0.81
0.55 0.62 0.73 0.696 0.677 0.55 0.55
14 ROG_GASBFLT_SPR
0.81 0.81 0.61 0.61 0.81
0.55 0.62 0.72 0.55 0.55
15 ROG_HFSPSRB
0.185 0.245 0.225 0.165 0.185
-0.41 -0.47 -0.49 -0.43 -0.41
16 ROG_HFSPSRT
0.185 0.245 0.225 0.165 0.185
0.41 0.47 0.49 0.43 0.41
17 ROG_INIVC000
0.1607 0.237 0.237 0.26548 0.33807 0.68424 0.81 0.81 0.85819 0.887 0.887 0.984 0.984 0.89525 0.88613 0.88613 0.85463 0.81 0.81 0.68302 0.34393 0.26751 0.237 0.237 0.1607 0.1607
0.42833 0.50463 0.61265 0.71323 0.79914 0.90498 0.66767 0.54862 0.54862 0.51709 0.49835 0.14959 -0.14961 -0.48081 -0.49342 -0.51615 -0.5496 -0.5496 -0.66668 -0.90461 -0.80094 -0.71945 -0.61329 -0.50463 -0.42833 0.42833
18 ROG_INIVC270
0.1607 0.237 0.237 0.26548 0.33807 0.68424 0.81 0.81 0.85819 0.887 0.887 0.984 0.984 0.89525 0.88613 0.88613 0.85463 0.81 0.81 0.68302 0.34393 0.26751 0.237 0.237 0.1607 0.1607
0.42833 0.50463 0.61265 0.71323 0.79914 0.90498 0.66767 0.54862 0.54862 0.51709 0.49835 0.14959 -0.14961 -0.48081 -0.49342 -0.51615 -0.5496 -0.5496 -0.66668 -0.90461 -0.80094 -0.71945 -0.61329 -0.50463 -0.42833 0.42833
19 ROG_INIVC270_SPR
0.1607 0.237 0.237 0.26548 0.33807 0.68424 0.81 0.81 0.85819 0.887 0.887 0.984 0.984 0.89525 0.88613 0.88613 0.85463 0.81 0.81 0.68302 0.34393 0.26751 0.237 0.237 0.1607 0.1607
0.42833 0.50463 0.61265 0.71323 0.79914 0.90498 0.66767 0.54862 0.54862 0.51709 0.49835 0.14959 -0.14961 -0.48081 -0.49342 -0.51615 -0.5496 -0.5496 -0.66668 -0.90461 -0.80094 -0.71945 -0.61329 -0.50463 -0.42833 0.42833
20 ROG_INIVCHFSTOR
0.3
-0.8
21 ROG_MCB
0.71 0.79 0.79 0.71 0.71
-0.31 -0.31 -0.4 -0.4 -0.31
22 ROG_MCSUP001
0.0
0.0
23 ROG_MCSUP001_SPR
0.0
0.0
24 ROG_MCSUP003
0.0
0.0
25 ROG_MCT
0.71 0.79 0.79 0.71 0.71
0.31 0.31 0.4 0.4 0.31
26 ROG_MCT_SPR
0.71 0.79 0.79 0.71 0.71
0.31 0.31 0.4 0.4 0.31
27 ROG_MCWIRE
0.728 0.7395 0.7395 0.728 0.728
0.379 0.379 0.363 0.363 0.379
28 ROG_PSHBWIRE
0.85 0.8552 0.8552 0.85 0.85
-0.672 -0.672 -0.655 -0.655 -0.672
29 ROG_PSHTWIRE
0.85 0.8552 0.8552 0.85 0.85
0.662 0.662 0.645 0.645 0.662
30 ROG_SOLWIRE
0.121 0.1294 0.1294 0.121 0.121
0.736 0.736 0.721 0.721 0.736
31 ROG_TFWIRE
0.44 0.612 0.612 0.44 0.44
0.93 0.93 0.97 0.97 0.93